matrix = [
    [0.2,  0.3,  0.5,  0.7,  0.11, 0.15, 0.17],
    [0.13, 0.31, 0.3,  0.1,  0.12, 0.23, 0.16],
    [0.13, 0.14, 0.3,  0.1,  0.15, 0.11, 0.1 ],
    [0.11, 0.35, 0.19, 0.2,  0.1,  0.12, 0.4 ],
    [0.121, 0.31, 0.13, 0.2,  0.1,  0.32, 0.4 ],
    [0.11, 0.3,  0.4,  0.1,  0.4,  0.13, 0.1 ],
    [0.25, 0.24, 0.3,  0.1,  0.11, 0.2,  0.29],
    [0.2,  0.5,  0.15, 0.10, 0.1,  0.3,  0.26],
    [0.0,  0.4,  0.6,  0.3,  0.3,  0.11, 0.5 ],
    [0.9,  0.18,  0.21,  0.1,  0.9, 0.4, 0.31],
    [0.5, 0.8, 0.11,  0.1,  0.14, 0.5, 0.16],
    [0.13, 0.2, 0.18,  0.1,  0.9, 0.4, 0.9 ],
    [0.51, 0.37, 0.3, 0.1,  0.11,  0.5, 0.1 ],
    [0.26, 0.65, 0.27, 0.1,  0.15,  0.5, 0.12 ],
    [0.26, 0.21,  0.22,  0.1,  0.9,  0.4, 0.3 ],
    [0.5, 0.14, 0.5,  0.1,  0.3, 0.2,  0.1],
    [0.1,  0.3,  0.22, 0.5, 0.8,  0.74,  0.17],
    [0.12,  0.3,  0.4,  0.1,  0.4,  0.19, 0.1 ],
    [0.31,  0.5,  0.6,  0.19,  0.3, 0.7, 0.2],
    [0.21, 0.4, 0.1,  0.2,  0.11, 0.21, 0.2],
    [0.11, 0.11, 0.16,  0.1,  0.21, 0.3, 0.15 ],
    [0.11, 0.38, 0.19, 0.2,  0.1,  0.12, 0.4 ],
    [0.17, 0.6, 0.9, 0.3,  0.4,  0.13, 0.6 ],
    [0.1, 0.25,  0.42,  0.5,  0.27,  0.33, 0.4 ],
    [0.12, 0.82, 0.36,  0.3,  0.9, 0.1,  0.26],
    [0.2,  0.21,  0.3, 0.5, 0.6,  0.1,  0.13],
    [0.2,  0.22,  0.22,  0.7,  0.8,  0.3, 0.1 ],
    [0.2,  0.28,  0.3,  0.5,  0.6, 0.1, 0.23],
    [0.3, 0.2, 0.3,  0.1,  0.12, 0.13, 0.32],
    [0.25, 0.26, 0.3,  0.1,  0.2, 0.4, 0.13 ],
    [0.13, 0.15, 0.3, 0.1,  0.6,  0.1, 0.1 ],
    [0.11, 0.21, 0.3, 0.1,  0.4,  0.1, 0.18 ],
    [0.18, 0.9,  0.17,  0.2,  0.1,  0.12, 0.4 ],
    [0.13, 0.3, 0.4,  0.1,  0.4, 0.16,  0.1],
    [0.7,  0.3,  0.4, 0.1, 0.25,  0.11,  0.1],
    [0.2,  0.11,  0.14,  0.2,  0.1,  0.9, 0.21 ],
    [0.5,  0.1,  0.1,  0.2,  0.6, 0.6, 0.1],
    [0.36, 0.31, 0.2,  0.3,  0.11, 0.31, 0.17],
    [0.31, 0.9, 0.11,  0.6,  0.4, 0.1, 0.1 ],
    [0.42, 0.1, 0.2, 0.6,  0.4,  0.1, 0.1 ],
    [0.29, 0.1, 0.2, 0.8,  0.4,  0.1, 0.12 ],
    [0.2, 0.1,  0.2,  0.9,  0.5,  0.12, 0.1 ],
    [0.31, 0.1, 0.2,  0.2,  0.11, 0.5,  0.8],
    [0.21,  0.1,  0.2, 0.2, 0.11,  0.5,  0.9],
    [0.7,  0.1,  0.2,  0.6,  0.4,  0.1, 0.1 ],
    [0.11,  0.1,  0.2,  0.6,  0.4, 0.1, 0.1],
    [0.18, 0.23, 0.6,  0.1,  0.4, 0.24, 0.1],
    [0.44, 0.6, 0.15,  0.1,  0.17, 0.5, 0.1 ],
    [0.1, 0.75, 0.12, 0.2,  0.1,  0.19, 0.4 ],
    [0.16, 0.32, 0.12, 0.3,  0.14,  0.6, 0.13 ],
    [0.9, 0.4,  0.5,  0.2,  0.6,  0.7, 0.7 ],
    [0.6, 0.5, 0.5,  0.2,  0.2, 0.3,  0.4],
    [0.8,  0.7,  0.6, 0.2, 0.12,  0.9,  0.11],
    [0.9,  0.26,  0.21,  0.1,  0.4,  0.3, 0.12 ],
    [0.8,  0.4,  0.5,  0.1,  0.8, 0.4, 0.4],
    [0.3, 0.4, 0.11,  0.1,  0.2, 0.7, 0.14],
    [0.1, 0.3, 0.1,  0.2,  0.4, 0.11, 0.1 ],
    [0.3, 0.6, 0.4, 0.1,  0.7,  0.6, 0.1 ],
    [0.1, 0.3, 0.1, 0.2,  0.4,  0.11, 0.1 ],
    [0.89, 0.78,  0.13,  0.2,  0.1,  0.19, 0.4 ],
    [0.1, 0.3, 0.1,  0.2,  0.4, 0.11,  0.1],
    [0.2,  0.4,  0.1, 0.2, 0.1,  0.11,  0.1],
    [0.31,  0.56,  0.11,  0.1,  0.1,  0.2, 0.23 ],
    [0.2,  0.4,  0.1,  0.2,  0.4, 0.11, 0.1],
    [0.22, 0.41, 0.18,  0.2,  0.1, 0.17, 0.4],
    [0.5, 0.14, 0.12,  0.2,  0.1, 0.13, 0.4 ],
    [0.33, 0.16, 0.15, 0.1,  0.8,  0.1, 0.12 ],
    [0.12, 0.9, 0.7, 0.3,  0.11,  0.5, 0.11 ],
    [0.1, 0.3,  0.1,  0.1,  0.7,  0.4, 0.6 ],
    [0.1, 0.17, 0.1,  0.2,  0.6, 0.1,  0.12],
    [0.6,  0.12,  0.19, 0.1, 0.16,  0.41,  0.21],
    [0.14,  0.5,  0.16,  0.3,  0.6,  0.15, 0.12 ],
    [0.4,  0.15,  0.8,  0.2, 0.1, 0.11, 0.4],
    [0.9, 0.13, 0.8,  0.2,  0.1, 0.4, 0.4],
    [0.5, 0.3, 0.6,  0.2,  0.8, 0.16, 0.16 ],
    [0.13, 0.15, 0.18, 0.3,  0.5,  0.4, 0.1 ],
    [0.6, 0.2, 0.4, 0.2,  0.7,  0.8, 0.5 ],
    [0.5, 0.8,  0.2,  0.6,  0.3,  0.4, 0.5 ],
    [0.4, 0.6, 0.4,  0.2,  0.1, 0.7,  0.14],
    [0.3,  0.4,  0.11, 0.1, 0.8,  0.5,  0.6],
    [0.8,  0.8,  0.7,  0.1,  0.12,  0.12, 0.11 ],
    [0.6,  0.8,  0.7,  0.1,  0.1, 0.15, 0.14],
    [0.23, 0.21, 0.6,  0.1,  0.2, 0.11, 0.9],
    [0.6, 0.12, 0.7,  0.1,  0.9, 0.14, 0.9 ],
    [0.4, 0.6, 0.5, 0.2,  0.4,  0.11, 0.4 ],
    [0.4, 0.16, 0.5, 0.2,  0.7,  0.18, 0.14 ],
    [0.1, 0.3,  0.6,  0.4,  0.4,  0.11, 0.5 ],
    [0.2, 0.7, 0.7,  0.3,  0.5, 0.4,  0.1],
    [0.11,  0.14,  0.11, 0.2, 0.3,  0.11,  0.1],
    [0.5,  0.5,  0.6,  0.2,  0.16,  0.4, 0.8 ],
    [0.6,  0.9,  0.5,  0.2,  0.11, 0.11, 0.11],
    [0.3, 0.8, 0.2,  0.2,  0.4, 0.11, 0.5],
    [0.9, 0.5, 0.1,  0.2,  0.6, 0.15, 0.8 ],
    [0.9, 0.7, 0.3, 0.1,  0.4,  0.8, 0.11 ],
    [0.5, 0.18, 0.13, 0.2,  0.5,  0.4, 0.2 ],
    [0.7, 0.0,  0.8,  0.1,  0.15,  0.9, 0.6 ],
    [0.1, 0.17, 0.2,  0.1,  0.11, 0.1,  0.9],
    [0.2,  0.41,  0.2, 0.6, 0.3,  0.24,  0.19],
    [0.9,  0.7,  0.11,  0.1,  0.1,  0.8, 0.19 ],
    [0.3,  0.11,  0.4,  0.2,  0.6, 0.7, 0.7],
    [0.12, 0.4, 0.1,  0.1,  0.7, 0.2, 0.7],
    [0.4, 0.1, 0.6,  0.1,  0.4, 0.9, 0.3 ],
    [0.7, 0.25, 0.11, 0.2,  0.11,  0.26, 0.0 ],
    [0.3, 0.2, 0.8, 0.1,  0.2,  0.3, 0.7 ],
    [0.4, 0.18,  0.3,  0.1,  0.7,  0.4, 0.11 ],
    [0.0, 0.7, 0.5,  0.2,  0.3, 0.13,  0.4],
    [0.17,  0.5,  0.17, 0.1, 0.4,  0.5,  0.6],
    [0.0,  0.11,  0.0,  0.1,  0.7,  0.13, 0.0 ],
]
